2137
453 0.429746 1.467165 4.002481
437 0.228914 1.482176 3.651406
420 -0.910933 2.061537 3.057541
422 0.657638 1.616913 3.162690
450 0.714588 1.584596 3.023681
455 0.955538 1.548007 3.103848
428 1.011840 1.555219 3.157318
459 -0.894842 2.001431 3.009849
446 2.635406 -1.620757 3.069286
433 1.365154 1.368953 1.910315
423 0.036296 1.643739 2.264171
418 -1.341282 1.351934 2.919950
460 -0.355668 1.843823 3.212537
467 0.020940 1.085086 2.517925
480 2.572652 -1.911494 3.054935
2152 -1.598351 2.146659 2.969718
2653 0.832293 1.455312 1.549144
2693 1.516757 1.437263 1.592918
2658 0.931067 1.356701 1.464494
2655 0.719395 1.487638 1.608502
2662 1.362245 1.399995 1.603345
2687 0.434383 1.850431 1.746502
2683 0.872338 1.483006 1.699079
2753 1.117581 1.364618 1.840584
2757 1.068342 1.331951 1.837671
2773 0.149628 1.963812 2.097108
2741 1.132012 1.350072 1.762020
2756 1.034099 1.303592 1.800146
2745 1.062985 1.320012 1.825979
2794 0.002429 2.007222 2.166267
2840 0.212862 1.880008 2.249535
2843 0.327328 1.877239 2.328151
2845 -1.810276 1.866007 2.565061
2842 0.233787 1.889702 2.297603
2890 -0.200776 1.765940 2.360328
2951 -0.015397 1.801839 2.602193
2924 -0.552614 2.131160 2.674448
3029 -2.148176 -2.537953 3.415486
3145 2.630357 -2.454765 3.066487
3151 2.613034 -2.429121 3.023164
3195 -0.203951 0.717380 2.801427
3237 1.367038 1.528104 1.487931
3251 0.716013 1.536328 1.518196
3249 0.693766 1.496694 1.493316
3241 1.285440 1.632679 1.545245
3316 0.844116 1.502593 1.548612
3302 1.192834 1.521808 1.574590
3332 0.954064 1.440170 1.691487
3333 0.760498 1.581664 1.670541
3339 0.811107 1.458998 1.657615
3381 0.492054 1.912167 1.753719
3384 0.490445 1.910147 1.758121
3357 1.454488 1.408404 1.626980
3392 0.496018 1.913074 1.771568
3354 0.752375 1.502523 1.660144
3368 0.912969 1.440584 1.734951
3399 1.480923 1.478059 1.707560
3400 0.885664 1.382042 1.701044
3594 -0.639509 2.100679 2.574132
3592 -0.650615 2.086787 2.532346
3641 -0.516769 2.078290 2.575711
3595 -1.756087 1.073219 2.582306
3616 -1.719358 0.868475 2.550596
3619 -1.510909 2.379454 2.795426
3614 -1.724691 0.947023 2.566024
3620 -1.726628 0.954033 2.565823
3618 -1.736454 0.891654 2.595188
3645 0.030844 0.633374 3.221539
3707 -0.561561 -0.614437 2.865947
3663 -0.151889 0.560784 2.695254
3661 -1.661179 2.222107 2.843810
663 0.423031 1.970022 2.588331
664 0.516188 1.774299 2.329710
690 -1.640644 -1.999433 2.862672
10846 1.869649 1.336101 0.949922
10858 2.317620 -1.020717 1.458194
10834 3.736262 -1.293658 0.112612
10889 2.401016 -1.365582 3.120514
10890 2.404942 -1.358239 3.119905
10820 3.737009 -1.325266 0.091458
5784 -0.037878 1.479857 3.920320
5775 0.050235 1.531402 3.815144
5769 0.443864 1.525944 3.857186
5781 0.076448 1.580240 3.938772
5772 0.025617 1.615738 4.051579
5671 -0.306637 0.587175 2.739255
5700 2.161730 1.134292 2.497830
5696 2.152625 1.133084 2.489199
5743 2.334448 -2.509492 3.393752
5735 2.175225 -1.704330 3.270378
5727 0.637439 1.564098 3.162545
5757 -0.901120 2.013251 3.383979
5740 -0.490140 0.776770 3.536269
5753 0.254614 1.510511 2.916731
61 0.700571 1.687604 3.112380
37 1.054271 1.500629 3.065869
841 0.480987 1.365714 3.796892
880 1.564514 1.393599 1.478608
881 1.147322 1.400047 1.470846
893 1.167965 1.378352 1.495116
882 1.152018 1.401045 1.479724
906 1.447457 1.371127 1.532870
908 1.455545 1.384314 1.542375
909 1.089898 1.298732 1.581752
910 1.087380 1.305927 1.581290
905 1.012004 1.294287 1.492250
966 1.202288 1.239461 1.638535
917 1.477209 1.405373 1.567348
918 1.319893 1.327270 1.588530
955 1.511932 1.224439 1.637476
958 1.509506 1.355974 1.797732
967 1.513317 1.229704 1.647218
1859 -0.318519 1.883685 3.430808
1858 -0.399842 1.820687 3.243874
1853 -0.191024 0.640416 3.321968
1560 -0.748150 2.143244 2.367406
1585 -0.030383 1.653876 2.083092
1606 -0.048750 1.685627 2.365640
1778 2.605561 -1.584884 3.017888
1801 2.938140 -2.454169 3.205224
1829 0.663092 1.487557 2.808751
73 3.222717 -2.109373 2.953752
118 3.197321 -1.744786 2.833239
106 3.152712 -2.244082 2.971037
110 1.077194 1.563977 3.179999
128 -1.561781 -1.907963 2.969050
135 1.485682 1.291691 1.751844
120 0.662298 1.641347 3.271346
142 -0.616180 1.891296 3.177916
143 -0.745545 1.983163 3.223722
147 3.218693 -2.450672 3.006581
146 0.588467 1.548005 3.897061
186 0.665165 1.636368 3.274306
176 3.204392 -2.105399 2.932300
194 -0.732288 1.966396 3.207731
252 0.621910 1.564263 3.981671
225 0.571939 1.556236 3.958925
217 2.605519 -1.919727 3.089863
213 1.329599 1.338349 1.890222
244 0.652869 1.605087 3.199386
221 -0.552371 0.419759 3.327293
260 -0.278206 1.938726 2.563295
261 -1.202613 0.856898 2.960983
263 3.173941 -2.104266 2.915510
275 -1.717312 -1.389016 3.318629
264 2.662728 -2.129603 3.137858
303 -0.691184 1.889121 3.211804
284 0.529796 1.774758 2.285950
322 0.489707 1.760945 2.352039
302 2.868878 -1.608749 2.906180
280 1.304535 1.419719 1.727767
326 2.694123 -1.992161 3.192780
334 2.673105 -2.317262 3.268991
338 -0.700908 1.920835 3.240597
361 -0.899980 2.075089 3.058201
351 0.433101 1.397227 3.836008
352 0.540019 1.777115 2.278015
370 1.035819 1.592332 3.196081
345 0.028206 1.657657 2.381091
359 3.234272 -2.130257 2.953488
333 2.616919 -2.104153 3.078535
367 0.667030 1.638264 3.247175
360 2.947095 -1.655410 2.965327
383 1.303898 1.246143 1.772241
389 -0.287718 1.819335 3.150662
391 2.606584 -1.933202 3.084503
382 1.342107 1.411474 1.859081
405 -0.402137 2.115094 2.753689
399 0.508319 1.994700 2.556645
398 0.453349 1.336677 3.684698
379 0.479771 1.914970 2.491975
380 0.425409 1.560689 1.996538
388 0.035072 1.168010 2.546767
378 0.719178 1.697447 3.320966
387 0.031612 1.304268 2.836578
396 2.968429 -1.672792 3.005850
372 -1.350130 1.361779 2.927199
9222 -1.383517 2.175668 2.539152
9251 -1.032436 2.064357 2.573407
9237 -0.028785 1.064358 2.492971
9242 -0.500595 2.074743 2.569628
9235 -0.007298 1.185341 2.411671
9207 0.323705 1.687576 1.983959
9204 -0.189365 1.672905 2.160609
9236 -1.046542 2.114307 2.611186
9243 -0.025874 1.025907 2.464115
9227 -2.208333 -2.856350 3.218958
9280 -2.067703 -1.099540 3.346343
9358 -0.666074 1.866860 3.206266
9386 -1.642882 -3.647550 4.683172
711 -1.324303 1.386411 2.828557
728 -1.225536 1.215739 2.776212
1373 1.500312 1.251008 1.669322
1361 1.198607 1.562183 1.757107
1408 1.228395 1.385999 1.786679
1409 1.377346 1.242715 1.661665
1413 1.392401 1.243572 1.625814
7673 0.654572 1.741372 1.827217
7659 -2.057224 2.016795 1.981701
7543 -1.543049 2.135553 2.797997
7531 -1.614967 2.108272 2.656581
7536 -1.527787 2.107090 2.712873
7557 -1.498849 1.710327 2.888410
7540 -1.538993 2.112273 2.741101
7534 -1.599518 2.153154 2.693239
7519 -1.414348 2.357592 2.619894
7545 -1.520600 2.064136 2.754550
7522 -1.029220 2.171849 2.647343
7575 -1.501559 2.113359 2.889516
7569 -1.216597 0.951306 3.020170
7577 -1.351405 1.400899 2.949931
7579 -1.493514 1.688162 2.994735
7587 -1.306449 2.290340 2.913047
7583 0.939945 1.542953 3.122169
7591 1.067309 1.596119 3.224232
7597 0.702386 1.682734 3.158200
7632 1.949392 1.386645 3.457227
7612 0.690534 1.624618 3.265179
7617 -0.228271 1.843836 3.206072
1123 2.643096 1.215710 2.523970
1095 2.375705 1.122677 2.324688
1112 2.579776 1.183404 2.460913
1007 2.126727 1.427063 1.839378
1022 -0.015461 1.725411 2.150429
996 1.348077 1.230790 1.745305
974 1.409060 1.291801 1.672206
991 1.346872 1.253855 1.751216
994 1.333920 1.242061 1.740488
993 1.364627 1.254093 1.770883
1029 0.032875 1.638047 2.161800
1030 0.527516 1.702781 2.156454
1080 2.694134 1.156856 2.298186
1086 0.021076 0.823235 2.753766
1087 -1.035132 2.263756 2.808899
1053 0.061132 1.639409 2.290349
1084 -0.287428 1.944833 2.571338
1928 0.861270 1.520245 1.535835
1955 0.951487 1.507486 1.560154
1964 1.014259 1.520861 1.539986
2000 1.160348 1.489344 1.701915
1988 0.940348 1.430969 1.490717
1999 0.910949 1.450080 1.638542
1995 0.823838 1.430447 1.564930
2015 0.789499 1.362831 1.511935
2027 1.075608 1.482917 1.750051
2075 1.111844 1.280340 1.661123
2050 0.994090 1.311487 1.614313
8647 0.595154 1.434594 3.795379
8690 -0.408127 1.853494 3.310525
8696 2.179879 1.350668 3.416609
8759 2.722509 0.514469 0.241760
8802 2.806947 0.089195 0.286409
8779 2.955517 -0.047549 0.237058
8810 2.812582 0.001951 0.340076
8766 2.721705 0.054769 0.292431
8822 2.626013 0.449314 0.372980
1340 0.926305 1.217164 1.376323
1198 3.105061 -2.532196 3.117308
1173 -0.897751 2.064567 3.046957
1162 -0.874579 2.066939 3.054591
1202 2.958645 -2.461491 3.225677
1209 2.883431 -2.412727 3.117590
1213 -0.626421 1.913476 3.220734
1218 2.871194 -2.423249 3.165337
1220 2.659385 -1.952312 3.144413
1230 2.635734 -2.279135 3.213163
1225 2.608418 -1.918340 3.078715
1224 3.048602 -2.488549 3.068100
1234 -0.342754 1.813294 3.274365
1233 2.654908 -2.293983 3.250773
1227 2.584535 -2.251192 3.164818
3402 0.874032 1.419673 1.775019
3419 1.163495 1.356474 1.787153
3404 0.952816 1.366203 1.781125
3415 0.946757 1.357353 1.821238
3406 1.077579 1.386658 1.746581
3434 0.925939 1.332054 1.774769
3448 -2.034509 2.215938 2.279066
3456 -2.426658 1.481016 2.229316
3459 -0.049900 1.985232 2.092318
3513 -1.895655 1.885583 2.214880
3523 -0.322700 1.879562 2.251169
3484 0.146756 1.964098 2.116721
3480 -2.471486 1.701025 2.231256
3514 -1.940574 1.976112 2.361560
3562 -0.267616 1.846828 2.294368
3550 -2.313428 1.629415 2.355801
3543 -2.275233 1.556839 2.319537
3568 -0.211225 1.736363 2.294101
3584 -0.161173 1.715657 2.353856
3539 -1.867347 1.761918 2.371073
3554 -0.266794 1.816286 2.364868
3565 0.167438 1.797446 2.257528
2579 0.698878 1.496889 1.488625
2587 1.087960 1.561863 1.533690
2588 0.835746 1.601653 1.652897
2589 1.159654 1.572241 1.539328
2610 0.926991 1.469195 1.522456
2620 0.854678 1.500794 1.540103
2601 0.998342 1.514709 1.557369
2624 1.114281 1.490487 1.551763
2617 0.785502 1.445985 1.586218
2634 0.861343 1.511398 1.556821
2635 0.857971 1.497147 1.621256
2628 0.840586 1.500698 1.555102
2621 0.723517 1.461428 1.565944
2644 0.975652 1.518434 1.600436
547 1.776283 1.394466 1.613514
9923 0.983167 1.229872 1.235090
9911 2.037991 0.109168 0.783884
9913 2.069108 -0.139734 1.115633
9797 2.601390 0.369505 0.310800
9817 2.159388 0.619580 0.572682
9768 2.620779 0.400770 0.292075
9830 2.702621 0.295242 0.308118
9879 2.121631 0.693385 0.709204
9844 1.385874 1.160690 0.915554
9880 2.227197 0.116089 0.722671
9832 2.408341 0.133056 0.583660
9881 2.067548 0.584019 0.671025
4269 -2.362889 1.756993 2.350125
4297 -0.765308 2.232931 2.482680
4278 -1.995476 2.303235 2.235263
4326 -0.685535 2.238047 2.394940
4166 -2.078004 2.517660 1.910742
4190 1.533497 1.574590 1.863096
4210 0.950846 1.389126 1.837745
4268 -2.375043 1.743615 2.389091
4254 -2.365741 1.731324 2.216691
5976 -2.327511 1.712615 2.309230
5978 -2.310767 1.716621 2.371911
5980 -2.290652 1.697087 2.370121
5990 0.162285 1.921985 1.926419
5971 -2.285976 1.599763 2.352615
5968 -2.280757 1.634777 2.358827
5960 -2.262617 1.493201 2.296970
5969 -2.324511 1.759185 2.346014
5998 -2.298148 2.152158 2.409163
6006 -1.769542 1.344114 2.383104
6012 -1.262289 2.303937 2.305181
6014 -0.685712 2.063406 2.220051
5929 -2.309586 1.531690 2.361718
5912 -2.479903 1.733506 2.142233
5902 -2.409472 1.493203 2.133108
5909 -2.395399 1.533637 2.145949
5918 -2.470361 1.708500 2.154038
5900 -2.414507 1.515724 2.153791
5931 -2.324868 1.541818 2.242852
5901 -2.398208 1.469121 2.170056
5914 -2.469805 1.717598 2.177357
5916 -2.437193 1.702885 2.170336
5917 -2.399878 1.539116 2.147835
5921 -2.477082 1.730061 2.168999
7895 -2.633645 2.400945 2.230341
7927 -2.314864 1.762390 2.331982
7911 -2.353768 1.654118 2.379722
7906 -1.276788 2.330591 2.372052
7908 -1.815984 1.689901 2.363079
7918 -2.318390 1.628191 2.388688
7921 -2.314061 1.773067 2.349369
7898 -1.247782 2.273765 2.273089
7950 -0.520527 -0.543013 2.862784
7947 -0.517199 -0.617306 2.923878
7949 -0.211715 0.357404 2.884443
7951 -0.368419 0.026740 2.730340
7975 -1.885440 -2.132011 2.962333
7961 -0.459874 -0.424396 2.879564
7959 -0.352657 -0.063967 2.841552
7960 -1.402861 2.379126 2.609950
7974 -1.900213 -2.150813 2.986969
7968 -0.436895 2.086958 2.654186
7993 -1.600221 2.119718 2.651089
8007 1.073092 1.620382 3.213422
8005 -1.508254 2.060891 2.731697
8051 0.735892 1.746653 3.247067
8028 -1.197163 0.755249 3.151226
8040 -1.389138 1.477620 2.929215
8065 0.751273 1.763090 3.254422
8067 -2.412150 -2.394808 3.281804
8070 -2.370801 -2.331392 3.119065
8072 0.703096 1.743727 3.237568
3797 -1.066368 2.224672 3.324841
3820 -0.403765 1.869377 3.277685
3828 -0.306547 0.691203 3.337538
3783 0.795435 1.460009 2.980097
3818 0.647061 1.410699 2.826847
3793 0.882317 1.747621 3.491244
3827 -0.425067 1.851609 3.247968
3830 -0.779650 1.961130 3.337655
3837 -0.507746 1.947985 3.308659
3844 0.520553 1.558153 3.183773
3842 -0.307501 0.707888 3.274528
3845 0.561955 1.616502 3.193685
3917 1.353890 1.534190 1.356370
3945 1.279110 1.536524 1.441462
3969 1.148336 1.628367 1.385005
4067 -0.544149 2.132657 1.752301
4063 1.632445 1.386762 1.537523
4061 0.840272 1.558485 1.664999
5604 0.273445 1.899942 2.369186
5584 -1.814759 1.340594 2.601171
5628 -0.164086 1.738864 2.431512
5593 -1.466497 2.404300 2.603557
5602 -0.667838 2.077332 2.343124
5637 -0.061414 1.164439 2.743160
5643 -0.155392 1.137373 2.566688
5281 0.471161 1.883617 1.595576
5306 -0.396777 2.075167 1.780459
5362 -2.413639 1.494964 2.155230
5390 -2.478622 1.719394 2.126822
5352 -2.422477 1.467352 2.103513
5336 -2.463332 1.534661 2.189885
5344 0.785575 1.406209 1.659137
5387 -2.479703 1.723307 2.137394
5424 0.881998 1.348822 1.694808
5402 0.859859 1.378263 1.690912
5425 -2.042747 2.169693 2.123843
5437 -2.603998 2.326164 2.229746
5448 -2.408608 1.569288 2.282329
5452 -2.045912 2.162421 2.139806
5501 -0.491605 2.125817 1.950544
5559 -0.767611 2.070433 2.233761
4563 -1.718736 -0.739306 1.973893
4675 0.923151 1.415827 1.458426
4747 0.886150 1.374522 1.602525
4758 0.439430 1.804874 1.585343
4807 1.168589 1.308320 1.622701
4778 0.978190 1.378742 1.622061
4782 0.963058 1.299924 1.634506
4781 0.976399 1.368951 1.619606
4775 0.463322 1.808535 1.600587
4815 1.176144 1.306108 1.621861
4858 -2.070427 2.722299 2.074899
4859 -2.091805 2.375983 1.948269
4854 -2.024740 2.456213 1.949505
4875 -2.164879 2.475729 1.879111
4890 -1.955867 2.113098 2.032230
6166 -1.134110 2.200036 3.180174
6158 -1.247759 2.214689 3.085555
6157 -1.189140 2.202993 3.053979
6172 -0.905841 1.977715 3.246509
6159 -1.198931 2.212058 3.086876
6174 -0.984412 2.020228 3.222979
6187 -0.559401 0.740087 3.453088
6169 0.691689 1.535239 2.985448
6177 -0.424928 1.967362 3.445602
6160 -1.252609 2.226543 3.109614
6182 0.698875 1.503921 2.939147
6186 -0.914268 2.008930 3.309444
6192 0.002248 1.336936 3.181158
6200 -0.355473 0.696224 3.331026
6202 -0.896022 2.015381 3.304287
6204 -0.349175 0.727286 3.403256
6048 -1.324712 2.375534 2.449364
6035 -0.681487 2.032306 2.321727
6040 -0.232114 1.740963 2.278988
6026 -1.753362 0.912300 2.563834
6045 -1.367978 2.296759 2.399769
6023 -0.688272 2.043372 2.287513
6061 0.328604 1.775200 2.136232
6069 -0.170548 1.673760 2.341126
6077 -0.030000 1.655092 2.367591
6071 -0.155809 1.691746 2.353645
6124 -0.307275 0.579265 2.696073
6107 -1.114085 2.175085 2.613655
6115 -0.326623 0.572536 2.679351
6116 -0.337222 0.567827 2.679395
6109 -1.095357 2.232780 2.730416
6126 -0.260762 0.530887 2.638992
6117 -0.179495 0.535025 2.670615
6096 -0.021476 1.085170 2.547269
6114 -0.177429 0.554357 2.723972
6099 -0.030039 1.079494 2.531826
6088 0.293743 1.791126 2.245089
6103 -1.170952 2.122696 2.592636
6106 -0.541978 2.014462 2.527278
6120 -0.359453 0.565895 2.687913
6091 0.039216 1.322721 2.460680
6108 -1.160830 2.141766 2.611505
6121 -0.224560 0.563023 2.668602
6102 -0.045593 1.089886 2.542988
6105 -0.541416 2.014262 2.531401
6095 -1.157193 2.097872 2.549395
6104 -1.145059 2.153401 2.598336
6131 -0.202888 0.567340 2.710596
6133 -0.169774 0.578838 2.764921
6135 -0.187628 0.548936 2.691449
4345 -1.518722 2.333898 2.502818
4344 -1.513632 2.337576 2.479967
4368 -0.264230 0.612556 2.858797
4383 -0.610582 2.145871 2.688499
4393 -1.686281 2.220143 2.699548
4395 2.662937 -1.833366 2.974569
4445 2.382674 -2.567751 3.423685
4398 2.705166 -1.855813 3.001990
4400 2.672350 -1.836529 2.981680
4440 2.163745 -1.695317 3.244985
4412 2.711091 -1.858661 3.017164
4402 -1.224505 2.257396 2.836689
4448 2.345124 -2.512634 3.399963
4450 2.195094 -2.101176 3.419806
4452 2.149381 -1.705192 3.258486
4454 2.128150 -2.386352 3.469312
4455 2.144229 -2.032703 3.344115
4458 2.118731 -2.370645 3.456594
4462 2.153511 -2.055974 3.368006
4463 2.153291 -2.054888 3.370089
4469 2.087739 -2.350701 3.413085
4475 2.136734 -1.704519 3.245546
4473 2.373982 -2.556467 3.440038
4508 -0.629538 1.938939 3.454557
4493 -0.650849 1.851808 3.169650
4505 -0.659186 1.909368 3.399479
4472 2.087486 -2.376570 3.439487
4468 2.321775 -2.513573 3.358653
4461 2.137488 -2.028879 3.351790
4467 2.144920 -2.037864 3.342759
5228 -1.692854 -0.763526 2.008580
5097 2.658638 1.139804 2.599394
6250 0.090947 1.518577 3.603846
6261 0.022083 1.436981 3.715794
6248 0.070155 1.430982 3.469278
6264 0.216123 1.475061 3.827626
6213 -0.009297 1.329678 3.187788
6246 0.483266 1.361614 3.340679
6218 -0.902690 2.008873 3.328831
6255 0.086611 1.398804 3.705307
6256 0.166669 1.504296 3.748700
6260 0.153288 1.440802 3.602613
6262 0.168873 1.399596 3.791584
6295 -2.425350 1.715852 2.248271
6293 -0.044303 1.884773 1.852655
6322 -2.549043 1.703815 2.187239
6368 -0.748321 1.996781 2.115285
6378 -0.324235 1.964815 2.184596
6351 -0.763078 2.008914 2.044203
7846 -2.523184 1.827796 2.203746
7844 -0.055973 1.791069 2.528869
7856 -0.651452 2.172605 2.518990
7850 -2.546804 1.833052 2.183576
7873 -0.058637 1.288900 2.719687
7882 -1.788027 1.599611 2.395169
7887 -1.888598 1.851721 2.303971
7725 -0.155527 2.133513 2.100918
7745 0.214261 1.943647 2.288831
7728 -0.152088 2.133761 2.103320
7751 0.307104 2.027573 2.374517
7778 -0.398433 1.948280 2.208577
7808 -2.502375 1.604303 2.110157
7788 -2.238002 2.414638 1.980666
7775 -0.356457 1.963452 2.251917
7786 0.327898 1.939036 2.398841
7772 0.239075 1.961022 2.402957
7792 -0.726869 2.168440 2.272350
7813 -0.741346 2.127348 2.320046
7820 -0.206079 1.831197 2.430043
7821 -2.577564 1.733409 2.232339
7822 -0.172351 1.784559 2.441157
6798 -2.548351 1.762331 2.130096
6791 -0.135593 1.979242 1.926179
6807 -2.580526 1.781209 2.132472
6790 -2.531559 1.685213 2.153845
6774 -2.459323 1.514148 2.120078
6783 -2.476642 1.554080 2.084591
6792 -2.538625 1.758719 2.124068
6813 -2.492973 1.750082 2.232857
6768 -0.064627 1.987279 1.962108
6784 -2.463698 1.572984 2.131182
6776 -2.467413 1.520412 2.122360
6802 -2.539698 1.731342 2.158499
6808 -0.145075 2.000369 1.989973
6816 -0.071653 2.007764 1.996494
6817 -0.077576 2.003291 1.982725
6819 -2.513155 1.743925 2.221161
6825 -2.577386 1.851059 2.188599
6826 -2.098518 2.202797 2.166642
6827 0.009509 2.021391 2.005028
6831 -1.997405 2.071207 2.259596
6840 -2.052979 2.134244 2.166221
6848 -1.986238 2.170931 2.149841
6846 -2.003469 2.052258 2.178028
6853 -2.295253 1.500268 2.286556
6854 -2.633518 2.368446 2.191861
6850 -2.025717 2.068155 2.129928
6844 -2.662539 2.416672 2.256965
6843 -2.050215 2.173630 2.238115
6847 -2.622892 2.418893 2.234313
6876 -2.160323 2.172867 2.295933
6880 -2.302695 1.536580 2.316271
6881 -2.312900 1.675717 2.337334
6878 -2.333500 1.552099 2.332416
6910 -0.385427 1.969570 2.247622
6895 -1.226041 2.289498 2.317108
6935 0.303906 1.925794 2.395637
6957 -1.426093 2.346020 2.440606
6960 -1.725315 0.930984 2.582251
6984 -0.292403 0.569679 2.734382
6975 -0.654040 -0.656907 2.831138
7016 -0.085279 0.558323 2.837192
7074 0.683961 1.482093 2.956357
7107 0.364511 1.298100 3.263770
5032 -1.362749 2.349794 2.454664
5054 -0.489678 2.071002 2.580739
5017 0.295473 1.804961 2.206625
5037 -1.310095 2.339744 2.397438
5039 -0.084114 1.685926 2.331939
5013 0.237110 1.746347 2.164895
5072 -0.564262 -0.556817 3.015639
4904 -0.415384 2.067868 1.867340
4894 0.000427 1.869783 1.865344
4919 -0.403170 2.092041 1.928155
4900 -1.936386 2.205395 2.139092
4936 0.202763 1.896977 1.926737
4940 0.180308 1.920941 1.935228
4891 -0.030303 1.903547 1.835226
4927 -1.938095 2.247149 2.162368
4930 0.240551 1.891290 1.915205
4933 0.228855 1.934392 1.944861
4977 -0.288678 1.879767 2.175483
4965 -0.702243 2.039672 2.219497
4968 -0.566188 2.064489 2.342443
4964 -0.643453 2.046070 2.252306
4989 -2.327215 2.224631 2.459475
5005 -0.189008 1.712560 2.288044
5006 -0.279673 1.878682 2.200994
5007 0.352776 1.811479 2.280423
13559 -0.398962 -1.585995 1.907214
13528 0.041019 1.043874 2.352729
13555 -0.381466 1.737265 2.528255
13541 -0.451914 1.788645 2.564285
13552 -0.985437 1.731414 2.392779
13533 0.019467 1.073903 2.395218
13542 -1.490260 1.617292 2.164801
13553 -1.583792 1.706818 2.294565
13563 -1.444547 -2.605747 1.530139
13522 -0.526649 1.737305 2.331157
13578 2.573475 1.264605 3.084357
13569 -1.486814 1.636325 2.309018
13537 0.019117 0.975954 2.417587
13534 0.041215 0.972377 2.389499
13523 2.301673 1.244016 2.754277
13536 -1.159373 -2.372905 1.534426
13538 2.464534 1.316684 2.901082
13543 2.464543 1.381937 2.938107
13561 -0.391903 -1.581347 1.915631
13530 -1.314296 1.848786 2.197969
13550 -1.501168 1.707248 2.307821
13549 -1.540686 1.709536 2.294897
13564 -1.027768 1.750576 2.451341
13565 -0.404287 1.758890 2.561664
13540 0.012483 0.965350 2.393449
13551 -0.398961 1.738213 2.562893
13556 0.073917 0.969048 2.385443
13558 -0.409524 1.755607 2.541248
13532 2.389083 1.276508 2.864055
13521 0.097466 1.439113 2.376457
13526 -1.273916 1.832386 2.153779
13535 -1.146325 -2.348171 1.538795
13547 -1.512922 1.654368 2.224778
13548 -0.984875 1.745606 2.390751
13531 0.116231 1.071680 2.405954
13544 0.006452 0.877859 2.307659
13529 2.431645 1.463086 2.889096
13524 -1.309575 1.874384 2.228219
13527 -0.449817 1.805396 2.406862
13560 2.501452 1.361518 3.003554
13562 2.535846 1.229905 2.985732
13567 -1.559681 1.631678 2.338973
13570 -0.951348 1.803708 2.466218
13571 -1.493390 1.622633 2.328573
13572 -1.479005 1.615959 2.309179
13573 -1.390989 1.554699 2.307426
13574 -1.463430 1.601945 2.322663
13576 2.586921 1.276694 3.083393
13577 2.552477 1.276213 3.079852
13575 2.548595 1.269171 3.067283
13579 0.018947 0.295310 2.441517
13580 0.025651 0.294868 2.443524
13581 -1.502967 1.634237 2.422058
13582 2.559850 1.271842 3.093801
13583 -0.187566 -0.790942 2.299059
13584 0.071834 0.237392 2.315310
13591 -1.563589 1.453490 2.418641
13626 -1.309281 0.924526 2.505885
13629 -1.298797 0.862056 2.500229
13602 -1.373548 -3.047146 1.650261
13623 -1.828001 1.722717 2.559044
13605 -1.423221 1.174334 2.395952
13628 -1.213336 0.736148 2.502155
13636 -1.723413 -2.808521 1.770873
13638 -2.058387 -3.254083 1.633379
13616 -1.373067 1.058549 2.491926
13609 -1.462596 1.228572 2.465447
13633 -1.480390 -3.195335 1.724707
13590 -0.157814 -0.747055 2.311008
13593 -0.202958 -0.899035 2.254545
13594 -1.556015 1.507827 2.453748
13603 -0.120375 -0.379520 2.357787
13598 -0.226644 -0.955748 2.241106
13599 -1.516235 1.353390 2.367725
13606 -1.424894 1.170217 2.395697
13607 -0.199712 -0.927652 2.116031
13595 -1.366656 -3.019770 1.622770
13611 -1.399084 1.124615 2.467140
13615 -1.325048 0.983348 2.483322
13618 -1.376572 1.059178 2.492686
13612 -1.464290 -3.045017 1.659376
13613 -1.261079 0.928059 2.330881
13589 2.577785 1.293558 3.135968
13604 -1.411688 -3.055511 1.644628
13620 -1.279600 0.905512 2.486216
13610 -1.515767 1.302798 2.474580
13622 -1.587606 -3.031224 1.692096
13586 -0.075790 0.805180 2.389749
13624 -1.219581 -2.178548 1.927512
13588 2.579062 1.366957 3.148988
13601 -1.512387 1.314663 2.457826
13625 -1.253521 0.871171 2.420518
13597 -0.335702 -1.204184 2.448969
13617 -1.449013 -3.103515 1.683108
13608 -1.415668 -3.055757 1.653318
13600 -1.519520 1.341959 2.455339
13592 -1.503134 1.327180 2.367079
13627 -1.211795 0.744402 2.501145
13630 -1.236836 -2.212161 1.940178
13631 -1.126151 0.430000 2.466206
13632 -1.191943 0.671362 2.507480
13634 -1.500423 -3.004529 1.766092
13635 -1.444586 -3.009250 1.775685
13637 3.439332 -1.653758 2.926513
13639 -1.433566 -3.023634 1.792129
13640 -1.238840 0.726532 2.548810
13641 -1.510515 -3.223916 1.756306
13642 -1.894367 -2.820513 1.772212
13643 -1.257886 -2.229827 2.001872
13644 -1.803769 -2.829241 1.792611
13645 3.434936 -1.987466 2.926266
13646 3.448106 -1.658595 2.928549
13647 3.377746 -1.597559 2.977668
13648 -1.263332 -2.251825 2.020452
13690 -1.773565 -2.267504 2.046572
13652 3.408131 -1.966709 2.898355
13654 -1.261456 -2.264348 2.036686
13676 -1.933103 -2.897413 1.877175
13679 -1.094463 1.716666 2.913125
13684 3.869928 -2.677629 2.979438
13663 3.475860 -1.654222 2.987190
13658 -2.260926 -3.354312 1.663896
13672 -2.373795 -3.627906 1.641838
13675 2.219494 1.153664 3.405259
13668 -1.721708 -2.131356 2.035289
13673 3.895204 -2.809742 2.973593
13656 -1.274176 -2.259861 2.045205
13687 3.667493 -3.399709 2.942073
13664 -1.960051 -2.864190 1.823215
13655 -1.938820 -2.844471 1.810134
13667 3.429960 -2.305190 2.866892
13669 3.674304 -3.404972 2.939861
13677 -2.280479 -3.356867 1.726379
13680 -1.092445 1.714326 2.914111
13681 -2.386235 -3.644312 1.655186
13660 -2.068059 -3.335768 1.705842
13670 -2.273277 -3.494973 1.678600
13682 -1.646747 -2.007830 2.112460
13683 -1.311214 -2.295696 2.110100
13689 3.599459 -3.321316 2.821839
13678 -1.906359 -2.926774 1.877536
13700 -2.262268 -3.416353 1.759537
13649 3.381007 -1.607805 2.988567
13698 -2.327627 -3.548966 1.719360
13701 -2.202078 -3.400633 1.773906
13702 -2.345012 -3.496819 1.729687
13662 -1.550215 -3.296625 1.810072
13650 -1.752306 -2.866062 1.815846
13651 -1.513761 -3.270112 1.782319
13653 -1.778072 -2.869005 1.819316
13665 3.164400 -1.578915 3.047729
13666 3.486164 -2.009998 2.993215
13674 -2.274430 -3.307011 1.730797
13659 -2.332332 -3.589787 1.607247
13661 -1.762521 -2.884380 1.848748
13685 3.607700 -3.307352 2.822327
13688 -2.389826 -3.663727 1.665273
13686 -1.099954 1.719108 2.927952
13692 -2.407114 -3.671028 1.666114
13694 -1.947891 -2.926142 1.894879
13693 -2.424127 -3.635468 1.670867
13695 -2.203160 -2.587521 1.919630
13696 -2.242320 -3.592010 1.720586
13697 3.890328 -2.788386 2.994058
13704 -1.868594 -2.337775 2.041215
13705 -1.801503 -2.294925 2.063685
13703 -1.780871 -2.385404 2.046118
13691 -2.224176 -3.580042 1.715533
13706 -1.799438 -2.289829 2.069115
13699 -2.251729 -3.419489 1.758231
8613 -0.464819 1.716331 2.907238
8595 -2.072448 -1.479490 3.314506
8627 -0.800559 1.926330 3.573851
8465 -1.025341 2.235501 2.719604
8495 0.936645 1.657971 3.187999
8479 2.515018 1.291598 3.230514
8514 -2.214393 -2.586698 3.201504
8523 -2.177871 -1.683302 3.259071
8537 -2.165842 -1.666583 3.235306
8546 -2.008647 -1.492810 3.215083
8554 -2.191480 -1.695133 3.293490
8538 -2.153349 -1.684722 3.220782
7176 -0.581691 -0.841619 3.068808
7177 -1.739970 1.052186 2.598040
7188 -1.903279 -0.677826 1.826683
7198 -1.727089 -0.725344 1.958427
7203 0.436933 1.978722 1.647574
7263 -0.807793 2.157783 1.946786
7269 0.126749 2.001572 2.014762
7270 -0.811646 2.131003 1.882608
7308 -2.250615 2.422270 1.995493
7294 -2.199928 2.484114 1.911903
7309 -2.180722 2.467782 1.981328
7302 -2.201080 2.537886 1.946562
7313 -2.444110 1.552677 2.121828
7321 -2.261366 2.428817 2.010033
7299 -2.231799 2.466856 1.943136
7359 0.207397 1.840039 2.252460
7344 -0.354392 1.912570 2.182742
7365 -1.947490 1.961834 2.265321
7362 -1.945033 1.963436 2.269062
7364 -0.256173 1.850708 2.200340
7358 -1.990062 2.041404 2.232558
7376 -1.911860 1.901312 2.305276
7382 -2.493719 2.479803 2.098417
7388 -2.249505 1.459208 2.321208
7383 -0.677897 2.080344 2.276425
7420 -1.194909 2.245788 2.216994
7414 -0.092001 1.653238 2.272287
7436 -0.137190 1.282415 2.466844
7404 -0.101425 1.761375 2.415265
7424 -2.370049 1.797956 2.374925
7400 -0.561697 2.101749 2.219490
7415 -1.874362 1.793281 2.347313
7433 -0.653871 2.045685 2.341165
7430 -2.335162 1.694413 2.350222
7443 -1.279528 2.307376 2.358499
7440 -0.675907 2.036111 2.344199
7444 -0.568975 2.069300 2.289130
7496 -0.305379 0.557770 2.777413
7507 -0.296140 0.004128 2.929702
7479 -0.394823 -0.262649 2.899454
7492 -0.413040 -0.364396 2.953791
7500 -0.329866 -0.088905 2.924160
7472 -0.528690 -0.611796 2.892218
7482 0.071895 0.606630 3.112421
7501 -0.363598 -0.172609 2.919242
7502 -0.363178 -0.236054 2.968826
7504 -0.339907 -0.138074 2.952375
7511 -0.469712 2.090491 2.612400
8091 1.853736 1.404786 3.550244
8084 0.643713 1.601215 3.179299
8106 1.688809 1.451180 3.648657
8109 -0.248416 1.848185 3.212413
8136 0.578526 1.302226 3.742806
8139 0.608809 1.406313 3.870317
8140 0.702693 1.370030 3.953340
8143 0.569411 1.375817 3.822392
8164 -2.042165 2.203387 2.264959
8155 -2.365510 1.608271 2.224105
8160 -2.184711 2.321679 2.385817
8171 -1.887298 1.790707 2.372777
8314 -2.540135 1.807213 2.097502
8326 -0.735080 2.153983 2.382227
8296 0.083571 2.118218 2.214670
8300 0.200633 1.973392 2.263309
8294 -0.156811 2.122752 2.092740
8295 -0.478730 2.273403 2.118952
8322 -2.559492 1.924467 2.185397
8332 2.311727 1.222560 2.477004
8360 -2.374290 1.695364 2.384321
8371 2.848751 -1.593032 2.888737
8338 -2.541448 1.844232 2.211169
8375 -1.724811 1.115075 2.594360
8378 2.868060 -1.595490 2.932358
8350 -0.056404 1.793037 2.511831
8362 2.515344 1.077063 2.667950
8374 -2.353796 1.693095 2.380550
8387 -1.681175 1.061123 2.523045
8390 -1.684909 1.131701 2.502146
8411 2.547412 -1.569207 2.970245
8409 -0.186211 1.154036 2.642147
8429 2.595761 -1.502782 3.005956
8402 -1.729746 1.048367 2.598234
8397 -1.712128 1.044531 2.546019
8404 -0.197978 1.097775 2.600227
8407 -1.734338 1.078413 2.594945
8419 2.599637 -1.548412 2.993665
6707 0.386002 1.912171 1.675383
6709 0.354381 1.906502 1.639838
6725 0.439765 1.966701 1.679466
6734 -0.838594 2.131946 1.832606
6718 0.420735 1.952763 1.663625
6757 -0.705753 2.195973 1.924929
6704 0.433471 1.968288 1.633064
6739 -0.780017 2.146800 1.821038
6717 0.427130 1.944516 1.672904
6724 0.428841 1.960466 1.670383
6702 0.430134 1.970386 1.631909
6715 0.379943 1.898847 1.657811
6722 0.305763 1.839481 1.634119
6733 -0.836162 2.143982 1.846593
6735 -0.840160 2.156747 1.863707
6749 -0.536491 2.180547 1.872765
6401 -1.246773 2.237027 2.231649
6405 -2.260671 2.185343 2.386759
6457 -0.137507 1.732255 2.280032
6480 0.295722 1.787280 2.248023
6489 0.301947 1.800495 2.274539
6468 -1.414413 2.343186 2.471873
6460 0.326292 1.803933 2.255355
6487 0.278378 1.750035 2.262335
6495 0.276814 1.804848 2.280516
6476 -0.159990 1.685402 2.348939
6514 -0.509896 1.993737 2.539118
6517 -0.356150 0.237561 2.800478
6558 -1.124327 2.109728 3.072190
6553 -1.079601 2.072880 3.028582
6580 0.704364 1.498175 2.909693
6600 -0.369535 0.718452 3.386450
6589 0.015740 1.355006 3.217368
6661 -1.868993 -0.672379 1.786109
6652 -2.256307 1.526626 2.358578
6679 -1.695493 -0.749720 1.982003
6666 -1.894262 -0.693392 1.835377
6701 0.354487 1.881519 1.644500
6667 -1.893635 -0.687010 1.832254
6670 -1.667475 -0.846722 1.889561
6674 -1.704491 -0.760088 1.998716
6654 0.023930 1.930518 1.918396
6694 0.674233 1.655532 1.616007
6683 -1.683289 -0.751217 2.003401
6690 0.747299 1.540646 1.631539
12632 3.113670 -2.378906 3.065810
12626 2.884992 -2.260188 3.131687
12599 2.882645 -2.244888 3.116960
12603 3.398613 -2.473265 3.079322
12614 3.389446 -2.465914 3.074163
12592 2.916211 -2.082740 3.077510
12625 2.857152 -1.907540 3.074275
12631 2.891058 -2.270396 3.144990
12601 3.213565 -2.416775 3.168471
12627 2.881785 -2.258797 3.139106
12663 0.488198 1.404233 3.905268
12694 2.498541 1.130772 2.852901
12664 0.610590 1.547594 4.013054
12727 0.974983 1.690349 3.257580
12746 0.205587 1.265295 3.097901
12735 -0.240982 -0.395870 3.468968
12719 0.991689 1.686706 3.216014
12734 0.066896 0.643467 3.161446
12767 -0.150762 0.832148 3.692025
12772 -1.111682 -0.984020 1.037233
12805 1.340742 1.362665 2.030666
12807 1.461601 1.348078 2.115364
12795 1.360759 1.372323 2.015051
12799 1.444651 1.399170 2.150656
12829 1.471984 1.337705 2.152964
12825 1.471137 1.353584 2.161872
12943 -0.188399 1.741073 2.505365
12986 -1.224190 1.240949 2.698187
12972 -0.156833 -0.656127 2.308084
12970 -1.304491 1.770276 2.572443
12998 -1.155621 1.089230 2.729497
12989 -1.348027 1.378288 2.893460
13016 3.480306 -1.675751 2.970701
13050 3.492915 -2.337306 2.978970
13047 2.116504 1.155678 3.429460
13063 3.482283 -1.679740 2.991470
13068 3.451937 -3.813471 2.960103
13029 3.456704 -2.000830 2.978451
13037 3.856359 -2.704461 2.958561
13125 -2.389226 -3.492202 1.812543
13134 3.364396 -2.634206 2.980478
13110 3.164500 -2.384848 3.094715
13132 3.358135 -2.654260 3.003016
13135 3.699577 -3.479186 2.994774
13139 -2.012537 -3.113864 2.014403
14027 1.230495 1.438257 1.905296
14050 -0.479164 1.885689 1.683991
14037 1.626643 1.345292 1.999947
14025 1.441965 1.449707 1.944568
14041 -1.284081 -0.335865 1.426265
14032 1.625486 1.345673 1.999858
14062 -1.426564 -1.423503 1.417935
14026 1.438255 1.437093 1.928219
14036 1.436540 1.844808 2.005328
14038 -1.272775 -0.327685 1.416549
14042 1.675207 1.387909 2.057550
14040 -1.270074 0.386991 1.449085
14044 1.484632 1.370398 2.044625
14034 -0.871718 -1.086352 1.455498
14047 -0.446396 1.882841 1.681449
14020 -1.287941 0.592685 1.372680
14051 2.771249 1.480716 2.298425
14049 -0.446096 1.870091 1.689240
14056 1.532184 1.422165 2.062003
14069 -1.460302 -1.446932 1.448213
14075 -0.466745 1.869520 1.782453
14033 1.620832 1.346278 1.996871
14035 -0.385720 1.948292 1.655500
14061 -0.483058 1.883956 1.704700
14021 1.255090 1.375167 1.898926
14031 1.902441 1.489368 2.055913
14057 1.593987 1.404660 2.074557
14039 1.488668 1.347683 2.011989
14043 2.764307 1.463804 2.278145
14022 1.250301 1.372897 1.900484
14028 1.897807 1.473845 2.040949
14030 1.261517 1.469603 1.929430
14045 -0.357261 2.008834 1.700219
14046 -0.394363 1.989714 1.693121
14023 1.244421 1.442768 1.917138
14054 -0.268076 2.006744 1.734867
14029 1.864711 1.478042 2.043296
14048 -0.346747 1.989165 1.709122
14058 -0.356852 2.005217 1.722610
14024 1.221137 1.405534 1.884155
14060 1.458553 1.307194 2.054560
14064 -0.487376 1.875014 1.723771
14053 -0.448545 1.889133 1.695839
14070 -0.380645 1.986975 1.776699
14071 -1.341481 0.220905 1.535392
14065 -1.439917 2.167967 1.557208
14052 -0.031048 1.900355 1.776645
14074 -1.273844 -0.062414 1.543711
14055 -0.353103 2.003481 1.718469
14079 0.137947 1.884634 1.922483
14066 1.859453 1.599353 2.175406
14067 -0.386130 1.925488 1.762678
14080 0.077893 1.918600 1.915271
14081 0.147133 1.874277 1.927687
14082 -1.309100 -0.088610 1.580972
14076 -0.473359 1.863621 1.781527
14077 1.442223 1.355847 2.134134
14072 -0.466486 1.863165 1.760755
14078 -1.299552 -0.075676 1.570437
14073 -0.264481 1.931114 1.802129
14083 -0.359583 1.970879 1.835941
13905 1.180466 1.524830 1.677274
13934 1.911934 1.423715 1.850015
13944 1.397208 1.553500 1.768294
13908 1.705326 1.637971 1.786191
13901 1.168848 1.544903 1.670514
13909 -0.936502 -1.184387 1.182131
13921 1.702538 1.659741 1.806908
13911 2.108491 1.554852 1.865434
13922 1.703411 1.805580 1.812239
13907 1.671428 1.691387 1.781350
13913 1.157767 1.578555 1.687871
13906 1.702314 1.636704 1.783239
13910 1.964705 1.471396 1.832993
13925 1.461147 1.536013 1.758048
13929 1.560002 1.598470 1.783388
13904 1.661516 1.676296 1.774038
13931 1.666204 1.528254 1.801816
13933 1.369225 1.545316 1.748413
13937 -0.908780 -1.206591 1.218491
13938 1.558607 1.595806 1.791203
13912 1.916004 1.515379 1.830406
13941 1.875599 1.430213 1.853887
13960 1.958452 1.425553 1.893776
13923 2.036092 1.461505 1.865643
13900 2.609707 1.317618 1.939146
13924 1.454895 1.527808 1.756398
13915 -0.956159 -1.193323 1.188726
13918 1.536265 1.550524 1.768221
13919 2.012717 1.481034 1.858231
13899 1.766589 1.506459 1.782755
13902 1.185744 1.515117 1.673623
13903 1.695765 1.641428 1.779068
13914 1.662479 1.702239 1.790464
13917 2.107081 1.547685 1.878046
13916 1.503713 1.599756 1.760931
13898 2.002874 1.566850 1.829382
13926 2.037066 1.465756 1.867320
13927 2.026861 1.456216 1.868094
13930 1.465595 1.609513 1.765890
13932 -0.907328 -1.195266 1.212224
13928 1.392341 1.630723 1.751867
13920 1.532410 1.534397 1.768181
13935 1.387992 1.543530 1.755312
13936 1.961599 1.403032 1.861688
13939 1.557318 1.604831 1.793525
13940 -0.947751 -1.072986 1.219807
13942 1.165417 1.471975 1.719530
13943 -0.928575 -1.213388 1.223478
13946 -0.996390 -1.012212 1.220122
13947 2.403723 0.241081 1.921287
13948 1.176932 1.459587 1.726864
13951 1.391110 1.556069 1.773579
13952 -0.967463 -1.047924 1.236642
13953 1.885874 1.450462 1.873212
13950 1.949309 1.481227 1.878186
13949 -0.983188 -1.019224 1.225214
13954 1.656426 1.471720 1.830864
13955 1.236591 1.437856 1.749702
13956 -0.958920 -1.039597 1.241633
13957 1.680766 1.560315 1.842054
13958 1.248455 1.459046 1.756582
13945 2.045787 1.501600 1.893124
13959 1.684788 1.539447 1.843610
13961 -0.987151 -1.037529 1.241235
13968 1.673676 1.554716 1.848058
14002 2.406339 1.484150 2.058766
13987 1.563131 1.481216 1.867540
14007 1.572953 1.522331 1.912181
14009 1.570379 1.523774 1.914003
13995 1.960307 1.438194 1.952317
13980 1.285570 1.504365 1.800589
13983 2.169695 1.477485 1.976760
13969 1.211865 1.467075 1.757438
13971 1.975040 1.449922 1.909906
13964 1.242151 1.466258 1.758974
13976 1.995188 1.395380 1.924418
13981 1.286744 1.506554 1.804486
13985 1.697988 1.549629 1.891608
13989 2.184781 1.460546 1.989898
13990 2.203817 1.488325 1.995059
13998 1.328796 1.414502 1.845637
14001 2.714755 1.337843 2.113157
14003 -1.419124 1.086235 1.309083
14005 2.385667 1.492616 2.057884
13963 1.526634 1.599395 1.818386
13982 1.299104 1.517576 1.807591
13984 1.953760 1.413612 1.922509
13970 1.669581 1.565799 1.851586
13988 2.174600 1.485428 1.987644
13996 2.210165 1.483234 2.002128
14008 2.720037 1.339771 2.128783
13978 2.410239 1.715435 2.016096
13997 2.383073 1.476039 2.047209
13986 1.308082 1.504771 1.818429
14010 1.564246 1.513879 1.912547
13977 1.260307 1.455208 1.784843
13999 1.567665 1.512071 1.897397
13973 1.993043 1.493412 1.917817
13991 2.444447 1.706267 2.049197
13993 1.227757 1.452650 1.809450
13965 1.287649 1.523424 1.769906
13966 -0.964012 -1.052253 1.247346
13967 1.252034 1.465965 1.762123
13972 -0.989422 -1.066372 1.254426
13962 -0.966842 -1.051139 1.244976
13974 2.055606 1.528909 1.931105
13975 2.004382 1.400529 1.920396
13979 2.067661 1.534770 1.951488
13992 2.186389 1.497357 1.994002
13994 2.193521 1.499528 1.999227
14000 2.146794 1.429311 2.006326
14004 2.151737 1.449020 2.010611
14006 1.195166 1.455682 1.833818
14012 2.470336 1.511488 2.098553
14014 2.465045 1.514335 2.102101
14015 1.427148 1.779019 1.916390
14016 2.452703 1.510807 2.110053
14013 2.448628 1.509969 2.094668
14017 2.252492 1.533651 2.076495
14018 2.430579 1.647255 2.118618
14011 2.443079 1.493055 2.088416
14019 1.222187 1.398942 1.875486
11463 3.102688 -3.226042 3.364092
11617 1.186295 1.588108 1.405545
11611 1.213341 1.536848 1.400891
11634 1.189647 1.452714 1.484293
11606 1.232188 1.545873 1.418143
11612 1.185214 1.587922 1.403874
11616 1.204429 1.533335 1.392984
10514 2.242208 0.664240 0.662933
10513 2.189707 0.610540 0.653339
10330 2.830508 -0.022435 0.212438
10338 2.647393 0.457599 0.217814
10368 2.844139 0.090333 0.041994
10378 2.621778 0.054630 0.406782
10403 2.599520 0.073552 0.393630
9421 -0.486051 1.998971 3.663490
9391 -1.613892 -3.607878 4.635620
9438 2.713772 0.221665 -0.064304
9461 3.254763 0.266906 -0.290170
9509 3.723190 -1.501193 -0.086066
9513 2.852189 0.302816 -0.056946
9517 3.746273 -1.498159 -0.018940
9520 3.722498 -1.504384 -0.092504
9530 2.856769 0.301752 -0.064335
9577 3.691541 -0.525817 -0.172891
9578 2.866201 0.381876 0.004240
9579 2.838128 0.275738 0.114747
9621 3.761775 -1.501588 -0.005205
9609 2.802928 0.398823 0.055097
9588 2.909803 0.377470 -0.025967
9589 2.795429 -0.101029 0.210096
9612 2.761848 0.056821 0.162492
9599 2.870979 0.397964 0.007153
9586 3.556494 -0.656233 -0.127013
9623 3.647639 -1.454754 0.071417
9630 2.640494 0.509031 0.221305
9644 2.840760 0.113104 0.202275
9659 2.802246 0.167020 0.142387
9684 3.398949 -1.458185 0.184195
9674 2.518253 0.499974 0.334212
9686 2.562633 0.333705 0.241056
9664 2.625923 0.425459 0.165090
9651 2.503471 0.354925 0.336507
9689 2.738233 -0.003681 0.211670
9702 3.639007 -1.345980 0.164589
9698 3.469461 -1.447754 0.227338
9719 3.579578 -1.347726 0.159549
9728 3.565678 -1.377618 0.165483
9730 3.489667 -1.477747 0.214311
9734 3.492579 -1.478194 0.224347
9709 3.560945 -1.364503 0.154000
9731 2.176899 0.571145 0.524284
9755 2.735699 -0.012611 0.270035
9757 2.625464 -0.002071 0.408672
9764 2.248229 0.211845 0.602512
10577 2.845870 0.052611 0.212570
8856 2.422923 0.055924 0.454985
8865 2.701299 0.236554 0.539457
8875 2.599696 0.140976 0.468120
8836 2.624006 0.440305 0.374546
8926 2.166476 0.610576 0.583527
8933 2.315457 0.570674 0.659311
8915 2.163631 0.481190 0.620342
8940 2.316372 0.157265 0.714376
8889 2.278741 0.148017 0.591275
8905 2.272957 0.266960 0.670449
8892 2.182715 0.490739 0.654244
8894 2.653199 0.149972 0.535597
8917 2.338330 0.303524 0.735606
8898 2.196074 0.510880 0.643488
8937 2.215848 0.099741 0.663865
8948 2.234217 0.130656 0.691564
8952 2.353694 0.086926 0.546394
8997 2.145163 0.200692 0.799023
9001 1.994974 0.189565 0.870143
9003 2.004097 0.190519 0.890925
8981 2.234561 0.305148 0.752061
8987 2.162064 0.176242 0.795071
8980 2.123665 0.600101 0.673986
8998 2.123586 0.489296 0.761267
8956 2.266732 0.282359 0.715270
8965 2.156703 0.596135 0.671385
8986 2.229211 0.148163 0.747947
8969 2.232168 0.266265 0.718183
8971 2.208570 0.326596 0.780837
8991 2.183427 0.189491 0.806655
9011 2.001611 0.161934 0.877800
9142 2.249373 -1.093501 1.282148
9193 -1.724941 1.197005 2.527081
9149 0.997178 1.308552 1.417440
9145 2.138837 -1.163889 1.325013
9195 -0.244740 1.770837 2.044791
9196 -1.745809 1.107396 2.623493
9039 2.131010 0.151775 0.866673
9019 1.964866 0.160164 0.882803
9028 2.124098 0.173568 0.871401
9060 1.946393 -0.223850 0.979025
9062 2.159475 0.175913 0.906507
9012 1.961450 0.170637 0.902412
9071 2.002851 -0.225475 1.001287
9072 2.027306 -0.217717 1.021749
9073 2.031074 -0.221854 1.019309
9032 2.123384 0.134938 0.843591
9041 1.933189 0.152094 0.893132
9037 2.114719 0.168582 0.864692
9036 2.127378 0.161744 0.868707
9045 2.003915 -0.234280 0.990249
9054 1.988294 -0.227773 0.991446
9061 2.003222 -0.217757 1.008511
9097 0.805400 1.349659 1.345535
9113 2.116533 -1.111797 1.164701
9115 2.100215 -1.100491 1.154331
9124 2.056949 -1.182816 1.207870
9126 2.231065 -1.073369 1.297334
9136 2.074282 -1.195498 1.202796
11663 1.072416 1.516300 1.448388
11677 0.909699 1.502164 1.501892
11672 1.186471 1.460046 1.477393
11655 1.072152 1.522914 1.449974
11679 0.927179 1.590591 1.477474
11702 0.813232 1.484074 1.530460
11748 0.778227 1.399904 1.643564
11731 0.730971 1.449765 1.643707
11724 1.152830 1.487184 1.631756
11803 1.751364 1.406861 1.769946
11813 -1.374211 2.290408 1.538474
11806 1.082932 1.365457 1.876008
11323 2.936935 -1.567779 2.756983
11352 2.931645 -1.874934 2.902950
11375 2.939384 -1.884613 2.923964
11395 3.280852 -2.679605 3.015877
11420 2.802713 -2.475832 3.211420
11454 2.851016 -2.256148 3.176801
11412 2.383214 -1.358333 3.094383
11433 2.848261 -3.493343 3.605393
11404 2.828918 -2.476761 3.244032
11423 2.814230 -2.471163 3.237872
11415 3.077348 -3.212557 3.349605
11430 2.854513 -3.484683 3.574907
9997 2.190755 -1.105603 1.380396
10070 0.438411 1.885806 3.058039
10065 0.727323 1.728924 2.973950
10049 0.703532 1.590639 2.827790
10069 0.421350 1.956827 3.108519
10071 0.759365 1.631455 2.854545
10074 0.738887 1.749262 2.980132
10076 0.426447 1.913378 3.059641
10078 0.421379 1.954468 3.117889
10081 0.408272 1.860122 3.188254
10082 0.377104 1.879366 3.199972
10102 2.745730 -1.599626 2.700904
10083 0.418370 1.925813 3.147998
10943 2.671706 -2.147251 3.274086
10906 2.411405 -1.671618 3.235709
10898 2.678025 -1.416131 2.944300
10918 2.400331 -1.686676 3.210287
10931 2.830404 -2.485228 3.232117
10937 2.844948 -2.254286 3.148092
10938 2.818798 -2.471219 3.259050
10939 2.399762 -1.969353 3.361848
10941 2.403577 -1.680264 3.260625
10944 2.830805 -2.272096 3.198583
10953 3.260986 -2.674206 2.994899
10955 3.059999 -3.209960 3.322287
10973 3.262612 -2.676025 2.996690
10977 3.255126 -2.678311 2.997255
10981 3.261460 -2.658583 3.021221
10970 2.810663 -2.399111 3.234785
10961 2.838860 -2.499687 3.273326
10978 2.817504 -2.471448 3.265589
10965 2.802631 -2.273792 3.184061
11985 2.556188 1.282101 2.702590
11969 0.009433 0.996179 2.716452
11976 -0.166742 1.801419 2.431736
11961 -0.683483 2.032267 2.245095
11983 2.621635 1.299344 2.737083
11984 2.584596 1.281659 2.710753
12003 -1.321560 2.266162 2.320028
11959 -2.315530 1.533712 2.513512
12014 -0.421176 1.989868 2.531177
12018 -0.388902 2.053018 2.626070
11839 -0.818418 2.080975 1.775544
11949 -2.499070 2.436621 2.030960
11913 -2.061712 2.465372 1.830023
13182 2.908972 -2.087475 3.069676
13184 -2.053848 -3.086360 2.021332
13179 3.434892 -2.787740 3.150274
13161 3.517454 -3.274956 3.127617
13178 3.504837 -3.236435 3.084085
13154 -2.421286 -3.519032 1.835479
13169 -2.408560 -3.500703 1.834610
13198 2.906167 -2.083618 3.063888
13197 3.383234 -3.784442 2.968593
13229 -0.689275 1.697942 3.358618
13224 0.768909 1.541252 3.700906
13310 1.228756 1.349525 1.882187
13300 -1.061151 -1.017085 0.863840
13303 2.657322 0.221266 1.796674
13299 -1.039521 -1.055896 0.857740
13286 2.620442 0.794004 1.787644
13306 1.160407 1.398815 1.781191
13290 -0.990696 -1.136946 0.816168
13284 -0.455776 0.453373 0.283754
13294 -1.055002 -1.027121 0.839973
13304 -1.126008 -0.979755 0.896038
13309 -1.352453 0.857462 1.282045
13311 -0.953967 -1.060994 0.992178
13285 2.627346 0.798015 1.784885
13295 -1.058609 -1.030143 0.840037
13317 1.436361 1.437527 1.928843
13318 1.324218 1.380750 1.899141
13305 1.164371 1.409387 1.782313
13307 2.652985 0.017979 1.797741
13319 -0.955548 -1.091316 1.025274
13321 -0.883180 -1.208664 1.018242
13308 1.155509 1.398953 1.795410
13289 -1.020330 -1.033417 0.826599
13296 -1.055055 -1.018670 0.843697
13322 -0.924952 -1.155154 1.023739
13301 2.642176 0.232126 1.788277
13291 -1.057521 -1.032722 0.836397
13297 -1.022557 -1.077569 0.844380
13298 -1.067625 -1.026037 0.847808
13283 -0.191633 -0.126635 0.150591
13312 2.655607 1.134105 2.068610
13302 2.659065 0.224603 1.791750
13288 2.619733 0.817272 1.807310
13313 -0.955767 -1.027252 1.005640
13315 -0.932471 -1.064799 1.008196
13292 2.636353 1.268406 1.948088
13293 -0.993503 -1.158747 0.824309
13316 -0.947724 -1.019531 1.018572
13287 2.612328 0.798453 1.795425
13320 -1.022631 -1.083648 1.014806
13324 1.408561 1.400445 1.941768
13325 1.612166 1.347659 1.991903
13326 -0.929357 -1.086884 1.043013
13327 -0.947271 -1.080013 1.043640
13328 -0.943805 -1.080393 1.044458
13329 -0.939323 -1.090664 1.045658
13330 -0.931244 -1.148172 1.039006
13331 -0.917159 -1.081787 1.057006
13332 -0.888590 -1.232294 1.034330
13334 -0.934625 -1.171714 1.039099
10304 3.486061 -0.287579 -0.189048
10182 -0.154607 1.133509 2.573201
10193 2.305165 -2.155894 2.799409
10197 2.405012 0.708516 0.063155
10239 2.986350 0.369679 -0.077630
12177 -1.593092 2.201236 2.883340
12172 -2.062230 1.516962 2.192948
12200 -1.159152 -0.881614 1.139986
12025 -1.014838 2.198478 2.652773
12047 2.642030 1.210658 3.101683
12074 0.477932 1.600756 3.297434
12067 -1.049481 2.155262 3.022695
12033 2.613288 1.245539 3.180866
12069 0.489906 1.598282 3.257203
12070 -0.987012 2.156734 3.079162
12077 -1.073809 2.164420 3.020555
12129 -1.486365 1.697965 2.969474
12093 0.634069 1.426613 4.068115
12097 0.630630 1.416768 4.056843
12118 -2.261282 2.391744 1.875765
12123 -2.272371 2.407021 1.892161
12122 -2.259240 2.393314 1.817175
12092 0.916167 0.790105 3.834892
12091 1.341807 1.417426 3.572666
12104 0.831679 1.619795 4.270414
12143 0.754746 1.435153 1.619072
12144 1.728085 1.398120 3.517731
12145 1.188173 1.462212 3.677719
12531 2.776344 -1.526566 2.941567
12562 2.766467 -1.533500 2.948668
12534 3.379772 -2.449727 3.039201
12541 2.804962 -1.537054 2.969148
12544 2.774348 -1.869316 2.950026
12530 2.831393 -1.887833 3.009700
12536 2.846521 -1.890375 3.035993
12566 1.800833 1.385433 3.470104
12563 2.877475 -2.263245 3.108848
12526 3.129211 -2.336078 3.010190
12553 3.394181 -2.729034 3.081960
12573 2.937238 -2.088302 3.093935
12567 3.386358 -2.754704 3.085211
12578 3.377936 -2.484639 3.075313
12580 3.398798 -2.747108 3.103702
12586 3.409844 -2.742466 3.145182
12406 3.337722 -2.095346 2.848461
12419 3.432185 -2.308314 2.899237
12403 2.271956 1.335760 3.337518
12431 2.113764 1.306890 3.288106
12436 2.683527 1.359945 3.439940
12443 2.783140 -1.864068 2.970076
12445 1.846424 1.327893 3.304630
12446 3.293504 -2.424221 2.962692
12450 0.695765 1.732082 3.259602
12457 0.496820 1.590372 3.239576
12458 2.809644 -1.562390 3.000891
12464 3.375395 -2.703944 3.035032
12498 -2.469836 -3.251562 2.125948
12508 3.366282 -2.691375 3.049129
12514 3.360340 -2.445034 3.032994
12472 2.784442 -1.527355 2.952483
12507 -0.682325 1.939402 3.225958
12512 3.390563 -2.640242 3.096634
12518 2.843684 -1.898062 3.041924
12519 3.138437 -2.385160 3.081210
12265 2.477305 1.307429 2.628893
12270 0.203334 1.328888 2.577698
12269 0.058774 1.301281 2.365522
12306 -1.454538 1.697561 2.762889
12277 2.623077 1.305024 2.757574
12281 -1.435102 2.066273 2.625770
12283 -1.425365 2.057641 2.604121
12328 -1.396726 1.531256 2.786202
12337 2.464578 1.190116 2.989578
12323 -1.304137 1.400416 2.714825
12280 -1.411117 2.020172 2.572032
12324 0.152575 0.414419 2.472135
12307 -1.349555 1.525285 2.638451
12333 -1.255210 1.290511 2.778616
12334 -1.311575 1.412361 2.695396
12330 -1.398665 1.535841 2.812857
12398 3.045909 -1.507925 2.846694
12400 3.124871 -1.541560 2.951871
12401 2.738043 -1.509623 2.887444
12348 -1.180681 1.088123 2.783417
12373 3.306439 -1.919500 2.735382
12345 -1.209978 1.172854 2.801834
12367 3.025798 -1.498175 2.817230
12374 2.393797 1.314371 3.281157
12366 2.454515 1.269131 3.176622
12376 -1.531180 -1.991968 2.491274
12382 -1.041681 2.114592 2.954059
12372 3.087531 -1.530661 2.876791
13379 2.375171 -1.183553 1.921073
13381 2.817595 1.230980 2.300846
13345 -0.896938 -1.180335 1.077587
13339 1.496609 1.399707 1.989112
13344 -0.990498 -1.172019 1.060167
13357 2.873394 -0.795177 1.874713
13340 -0.937765 -1.146092 1.060199
13368 2.804410 -0.879669 1.878229
13374 1.442336 1.320085 2.056179
13375 1.388882 1.293709 2.041660
13350 -0.895086 -1.200061 1.099242
13353 1.468549 1.367786 2.030204
13341 1.308401 1.387894 1.994547
13359 1.558133 1.372053 2.079932
13348 -0.912211 -1.151801 1.098753
13342 1.501826 1.395789 1.996146
13364 1.370791 1.291008 2.013400
13369 1.375684 1.313633 2.038711
13372 2.809044 -0.889892 1.880805
13367 1.390409 1.341333 2.072990
13377 1.398312 1.292219 2.044991
13352 1.358730 1.359432 1.999045
13363 1.319483 1.331875 1.986885
13370 -1.107263 -0.654785 1.212045
13378 2.823629 1.346249 2.316166
13335 -0.879213 -1.170511 1.056456
13336 -0.938355 -1.143813 1.055208
13337 -0.995952 -1.201128 1.035014
13338 -0.942935 -1.121839 1.060990
13343 1.335199 1.348176 1.955697
13349 1.371279 1.362072 2.000744
13346 1.530091 1.350194 2.006728
13351 -0.907979 -1.190257 1.098900
13356 2.193458 0.935943 2.077741
13354 1.553562 1.371909 2.041131
13358 2.878942 -0.783293 1.880998
13361 1.555722 1.378495 2.058983
13362 1.560721 1.375836 2.059752
13366 1.324696 1.350180 2.036193
13380 2.817880 -0.886300 1.892583
13382 -1.341990 0.406373 1.393080
13383 -1.284789 0.344938 1.401709
13384 -1.310138 0.214562 1.372691
13385 2.851559 -0.897889 1.921438
13386 -1.323371 0.192024 1.392793
13389 -2.083437 1.155883 1.510605
13391 -1.305786 0.138482 1.440766
13392 -2.171317 1.274352 1.501444
13394 -2.207676 1.307142 1.513293
13395 -2.114787 1.166830 1.537030
13396 -2.097406 1.244593 1.539093
13397 -2.121274 1.262830 1.528771
13398 -2.007300 1.189360 1.418078
13404 -2.162995 1.278871 1.609027
13409 -2.109740 1.265784 1.532789
13438 -1.625606 1.916011 1.885478
13441 -1.935799 1.045324 1.701684
13444 -1.913544 1.050237 1.679539
13403 -2.125980 1.259925 1.532755
13447 -1.647971 1.920449 1.898351
13451 -0.529578 1.747439 2.076781
13413 -2.187576 1.131079 1.592441
13416 -1.293058 -0.057582 1.476545
13439 -0.166278 1.807527 2.131356
13448 -1.849416 0.950849 1.676711
13449 -2.033359 1.123051 1.735969
13454 -2.006525 1.229038 1.717812
13427 -1.421434 -0.011396 1.653268
13428 -1.309168 -0.095175 1.498582
13420 -2.239147 1.376261 1.583394
13408 -2.142292 1.111457 1.551220
13422 -2.348345 1.834321 1.662347
13433 -1.977698 1.082794 1.622674
13412 2.172580 1.540575 2.391580
13423 -2.357563 1.854199 1.664657
13434 -1.403678 1.914039 1.893376
13435 -1.996237 1.110369 1.643961
13431 -1.882218 1.019220 1.620407
13406 -2.121168 1.319535 1.482517
13407 -2.189790 1.354665 1.542094
13425 -1.291304 -0.113909 1.484100
13437 2.485498 1.368555 2.515862
13405 -2.181854 1.321800 1.535448
13426 -1.287363 -0.118911 1.484788
13401 -1.273419 -0.052690 1.435071
13432 -2.386465 1.857109 1.689780
13429 -1.310583 -0.101865 1.499117
13436 -2.020049 1.152011 1.649056
13440 2.495564 1.367072 2.531986
13442 -1.993665 1.111802 1.673710
13443 -1.972076 1.246356 1.661267
13446 -1.952652 1.253992 1.641712
13450 -0.186566 1.764838 2.141097
13452 2.501731 1.380661 2.558632
13453 -2.023492 1.113391 1.739420
13458 -0.162570 1.730778 2.157918
13459 -2.036762 1.189227 1.714486
13457 -1.984905 1.271876 1.677398
13460 -1.738582 1.915011 1.907609
13461 -0.509378 1.740975 2.101480
13456 -2.015738 1.251506 1.736092
13507 2.582884 1.283777 2.728974
13466 -2.021007 1.251896 1.754561
13480 -1.934633 1.803245 1.915968
13469 -2.010313 1.244361 1.774930
13464 -2.003922 1.102693 1.736072
13477 -1.913163 1.875574 1.922695
13494 0.428817 1.643957 2.330068
13502 -0.040864 1.482983 2.330067
13506 -0.019760 1.503525 2.296688
13518 0.087823 1.438932 2.360981
13485 -1.066848 1.838147 1.981890
13489 0.518982 1.664505 2.372283
13490 -0.510268 1.720130 2.153655
13472 -0.299449 1.778724 2.180722
13481 -1.937323 1.816159 1.922457
13484 0.521979 1.661914 2.361714
13474 -1.858802 1.905042 1.933022
13491 0.477867 1.641949 2.383285
13503 -0.491512 1.751285 2.248782
13468 -1.786786 1.921032 1.928005
13475 -0.099426 1.603683 2.196409
13463 -0.138814 1.672810 2.084466
13479 0.517994 1.679158 2.337473
13487 0.463641 1.591015 2.307442
13470 -2.052819 1.234319 1.770383
13476 2.540935 1.351114 2.629009
13492 -0.050151 1.522992 2.289952
13473 0.459574 1.641349 2.228221
13493 -0.064234 1.556451 2.253876
13497 0.482883 1.643571 2.385422
13465 -2.032707 1.270456 1.755786
13483 0.487560 1.731555 2.361339
13471 2.533788 1.361308 2.614344
13488 2.985440 1.287062 2.746122
13499 3.042657 1.262057 2.787239
13501 -0.516583 1.715008 2.233789
13504 -0.504445 1.704290 2.166223
13508 -1.271200 1.911918 2.161472
13510 2.579610 1.296938 2.738667
13511 -0.033211 1.507026 2.307211
13512 2.583933 1.299600 2.746154
13513 0.449496 1.624183 2.426472
13514 -0.482032 1.665160 2.119909
13515 -1.284421 1.870373 2.140790
13516 0.035750 1.485533 2.396434
13509 -0.000838 1.536850 2.310311
13519 -0.057087 1.529108 2.380272
13520 0.053454 1.451994 2.353592
14120 0.355546 1.791601 2.114210
14129 -2.009381 1.046400 1.758933
14114 -1.282602 -0.630542 1.671799
14091 -1.415189 -0.069422 1.662243
14107 -2.142954 1.297838 1.543976
14092 -0.370284 1.978061 1.846933
14085 -0.481918 1.913466 1.812391
14089 -2.128426 1.107009 1.538464
14090 -1.310121 -0.097379 1.589435
14094 0.184409 1.874735 1.961310
14098 -2.100699 1.301736 1.519270
14108 0.369185 1.744017 2.040435
14110 0.272366 1.827589 2.030422
14122 -0.213911 1.822324 2.041902
14084 0.094524 1.914998 1.921728
14093 -2.073430 1.166522 1.500189
14100 0.113656 1.921854 1.973405
14113 -1.981887 2.273686 1.634549
14121 -1.893816 1.014538 1.674481
14123 -0.222671 1.813398 2.055448
14124 -0.214781 1.763296 2.068185
14097 2.170327 1.509259 2.341972
14117 -0.263939 1.884356 1.976044
14125 -2.038401 1.223133 1.679443
14126 -1.979937 1.090992 1.712713
14128 -1.963364 1.051565 1.705912
14137 -0.126229 1.642396 2.159364
14086 -1.397548 -0.042288 1.631716
14102 2.156516 1.556798 2.363570
14104 -2.127294 1.316492 1.529491
14105 -2.224407 1.367220 1.517874
14087 0.142582 1.893820 1.935340
14096 0.311839 1.771765 1.992216
14109 0.272788 1.828419 2.027070
14111 -1.277642 -0.632654 1.665438
14099 2.151539 1.559500 2.356899
14103 -2.109138 1.306592 1.528936
14112 0.301696 1.823351 2.055725
14101 -2.212250 1.352848 1.508170
14106 0.262724 1.828077 2.019660
14115 2.179330 1.568169 2.420212
14116 0.357927 1.779429 2.084011
14118 -0.108731 2.087790 2.016474
14119 0.344233 1.801032 2.097648
14127 -2.024241 1.211181 1.730318
14132 2.522613 1.329855 2.640121
14133 -1.696062 1.965000 1.851001
14134 -2.364308 2.325179 1.735777
14138 -1.017141 1.916380 1.998728
14140 -1.789357 1.940955 1.876777
14136 -1.628779 1.983653 1.878592
14135 -1.754765 1.931869 1.850591
14141 0.488308 1.666896 2.313997
14142 -1.667650 1.995456 1.914032
14143 2.992445 1.284301 2.791719
14144 -1.823100 1.928878 1.890633
14145 2.989990 1.291086 2.796599
14146 -1.021299 1.898906 2.044738
14130 -0.169043 1.704821 2.105898
14139 -0.116169 1.635207 2.163443
14147 2.993430 1.285989 2.802943
14150 -1.913854 1.890517 1.885195
14186 0.437611 1.618564 2.448539
14148 0.480265 1.630364 2.354926
14197 0.316722 1.640214 2.576419
14155 -1.934746 1.906939 1.892847
14161 -1.131476 1.913612 2.064750
14170 2.341932 1.342991 2.742785
14191 -1.282037 1.890987 2.179917
14177 -2.048368 1.701622 1.851818
14173 -1.994980 1.967113 1.973491
14160 -1.140800 1.894879 2.058855
14157 0.501033 1.682774 2.356678
14163 2.336069 1.336619 2.720074
14167 -0.049347 1.500392 2.280434
14149 -2.076224 1.748558 1.846604
14171 0.499227 1.648027 2.402194
14182 -2.063163 1.911255 1.958462
14187 0.048347 1.436682 2.369079
14164 -0.067874 1.519936 2.282305
14169 -0.528003 1.754182 2.216891
14175 3.055856 1.212814 2.888628
14172 -0.505242 1.715602 2.190960
14174 -0.426936 1.828769 2.237583
14184 -2.220738 1.603917 1.930200
14190 -2.238718 1.604050 1.952568
14192 0.043484 0.956526 2.403945
14151 -0.418980 1.863658 2.178096
14153 -1.926509 1.906630 1.890192
14159 -0.548336 1.790102 2.163795
14193 -1.373516 1.839111 2.170436
14194 2.445335 1.268241 2.943951
14188 0.425186 1.618847 2.456253
14152 -1.922198 1.900914 1.889984
14158 -2.065473 1.708915 1.865830
14168 0.478916 1.638550 2.355318
14183 -1.248518 1.895294 2.127723
14189 -1.277964 1.904294 2.139254
14156 -2.061678 1.716441 1.862750
14179 0.047843 1.455826 2.336393
14180 -1.969067 1.903011 1.965311
14195 -1.439066 1.755101 2.221351
14196 -1.475959 1.741676 2.227424
14198 -0.079573 0.873581 2.489994
14203 -0.973006 1.766454 2.395128
14205 2.536035 1.220051 3.061995
14206 -1.281737 -2.284090 2.202596
14207 -0.979860 1.772352 2.408909
14208 -0.377287 1.694886 2.530462
14209 2.521179 1.167876 3.076601
14210 -0.373282 1.701539 2.539176
14211 -1.414466 -2.425738 2.328824
14201 -0.407319 1.731948 2.486670
14200 2.516961 1.147124 3.024382
14204 -1.271733 -2.275162 2.196245
14199 -1.350049 -2.457118 2.149139
14202 -1.264685 -2.266682 2.187245
14240 -0.995662 -0.326477 2.467906
14243 -1.056223 -0.010482 2.473138
14257 -1.098828 0.158620 2.492165
14215 -1.388403 -2.514239 2.206821
14261 -1.015117 -0.328582 2.496406
14214 -1.404428 -2.533030 2.201965
14250 -1.387674 -2.241933 2.346135
14251 -1.542593 1.409399 2.443051
14227 3.380490 -1.782865 3.220654
14228 2.552218 1.193253 3.165995
14245 -1.451058 1.149747 2.441739
14225 3.372920 -1.764709 3.210611
14226 2.932348 0.282952 3.200754
14254 -1.105699 0.239415 2.492220
14238 3.369321 -2.111082 3.237095
14212 0.055201 0.254463 2.457942
14237 -1.539280 1.333451 2.408872
14239 3.368727 -2.115618 3.243800
14223 -1.697440 1.610100 2.346358
14213 -0.381018 1.691397 2.544669
14242 -1.058852 0.028733 2.473950
14221 -0.959669 -0.350117 2.406390
14234 -1.450810 1.593321 2.346051
14224 3.332892 -2.083698 3.190224
14230 3.382133 -1.775929 3.236475
14217 -0.996935 1.768670 2.412516
14244 -1.004660 -0.313680 2.476586
14247 3.781703 -2.930922 3.311915
14248 -0.072781 0.472607 2.691222
14255 -1.096278 0.114136 2.490301
14256 -2.235061 -2.541061 2.179981
14222 -1.359738 -2.159999 2.271957
14232 -1.411962 -2.361604 2.296390
14252 3.329835 -2.259605 3.256545
14253 -1.493397 1.231794 2.449604
14216 2.511182 1.187750 3.089330
14241 3.370415 -2.433541 3.240600
14233 -1.539517 1.361308 2.400972
14259 -1.077632 0.039923 2.492863
14231 -1.378257 -2.194605 2.305699
14218 0.106405 0.247411 2.491264
14220 2.530337 1.180408 3.120131
14235 -1.357085 -2.198373 2.314319
14229 3.333623 -2.083493 3.204260
14236 -0.984923 1.813481 2.527011
14246 3.391247 -2.132165 3.263848
14249 -2.277730 -2.657337 2.158743
14258 3.770864 -2.820902 3.328708
14260 -1.444305 1.136587 2.461320
14262 -2.240571 -2.546371 2.185471
14264 2.705043 0.295025 3.239667
14265 -1.119696 0.259122 2.502876
14266 -1.462986 1.156010 2.467654
14267 -1.326106 0.986377 2.443289
14268 -1.026783 1.846109 2.577634
14263 3.405831 -2.161715 3.289749
14269 -1.278446 0.812884 2.494521
13850 0.510947 0.825003 0.625304
13866 1.941514 1.620891 1.720569
13872 2.299654 1.620289 1.823852
13877 1.821003 1.567954 1.747887
13857 -1.095166 -0.963533 1.022649
13858 -1.103946 -0.971523 1.029275
13835 -1.419696 -4.422708 2.632216
13865 1.937982 1.617137 1.714620
13886 1.690688 1.392890 1.737891
13888 1.793430 1.671128 1.768715
13842 -1.235468 -4.015329 3.201000
13837 -0.603448 1.218260 4.093909
13848 -1.339458 -3.300991 4.357713
13846 -1.287109 -4.133125 3.409255
13862 -1.106594 -0.979113 1.037237
13844 -1.250643 -4.077952 3.288106
13845 3.665920 2.477381 5.488525
13852 0.071652 0.872995 0.648590
13867 -1.111982 -0.981289 1.043260
13868 1.916122 1.678327 1.719320
13869 -1.124226 -0.979849 1.047211
13840 -1.196900 -3.977931 3.146209
13847 -1.275112 -3.203478 4.090388
13870 1.954397 1.773005 1.748077
13873 2.271467 1.748954 1.833272
13853 1.356529 1.515960 1.496575
13875 2.333199 1.651318 1.847628
13859 1.939346 1.606698 1.706734
13874 1.819423 1.573810 1.743297
13878 1.820883 1.575806 1.749908
13854 2.402196 1.660537 1.747727
13879 1.655858 1.411033 1.713402
13849 0.339171 0.644035 0.353509
13880 1.821504 1.578752 1.754340
13839 -1.202834 -3.955101 3.148510
13841 -1.217668 -3.967662 3.157149
13838 -1.195544 -3.968150 3.132293
13851 0.628854 0.541108 0.657559
13855 2.366205 1.677513 1.750334
13834 -1.401369 -4.354537 2.619709
13856 2.372377 1.682507 1.760075
13861 -1.108595 -0.976982 1.033342
13863 1.921977 1.693756 1.713788
13864 -1.101876 -0.972985 1.039087
13836 0.714805 0.590576 4.191626
13843 -1.183932 -4.026560 3.256170
13860 1.914195 1.691963 1.707682
13871 1.917050 1.701753 1.738530
13876 1.153136 1.528765 1.616764
13881 1.831915 1.584668 1.761886
13882 1.829150 1.588823 1.762423
13883 1.153894 1.546194 1.636283
13884 1.797223 1.660562 1.765726
13885 1.687549 1.399167 1.735873
13887 1.690974 1.402708 1.739295
13891 1.817131 1.639660 1.774620
13892 1.158981 1.540251 1.645521
13893 1.694862 1.620540 1.752693
13890 1.612262 1.602381 1.733703
13894 1.995221 1.564106 1.809506
13895 1.805959 1.679504 1.790720
13896 1.646896 1.630155 1.761921
13897 2.064691 1.611584 1.842093
13889 1.998947 1.557097 1.805167
13717 -1.793680 -2.395838 2.067325
13714 -1.766789 -2.353593 2.076289
13708 -2.233175 -2.629923 1.927848
13712 0.845267 1.339154 3.250552
13754 0.883298 1.370482 3.340573
13721 -2.152779 -3.442709 1.808215
13716 -1.993255 -3.447505 1.827606
13722 -1.775100 -2.343687 2.087004
13735 3.632858 -3.345129 2.900094
13738 -2.483792 -3.935151 1.679512
13710 3.606424 -3.324655 2.857736
13747 2.870442 -1.585577 3.098893
13740 3.361064 -3.640364 2.801689
13749 3.425905 -2.727462 3.107900
13752 -1.864361 -2.330711 2.132424
13715 -2.277634 -3.633345 1.739831
13726 3.194036 -1.595020 3.134219
13709 3.684481 -3.427193 2.978577
13737 -1.914593 -2.233888 2.235521
13745 0.888407 1.380792 3.328722
13713 -1.778781 -2.166770 2.105023
13746 -1.825936 -2.189763 2.158517
13750 0.769251 1.487813 3.590996
13719 -1.804488 -2.178590 2.110121
13720 0.827401 1.340147 3.264431
13728 -2.250908 -3.636804 1.757855
13707 3.872250 -2.692417 2.982422
13732 -2.473567 -3.930252 1.672539
13753 -2.350056 -3.698761 1.782630
13730 -1.813509 -2.400216 2.083573
13731 3.523205 -2.363304 3.017503
13729 2.936668 -4.493290 2.545886
13733 0.870289 1.364521 3.296985
13727 -1.780593 -2.171770 2.120281
13734 3.349125 -3.630129 2.793819
13744 -2.018113 -3.473451 1.863635
13751 -0.454645 1.515552 3.123755
13759 2.980233 -4.321012 2.643890
13743 2.953760 -4.513101 2.566618
13761 -2.269030 -3.789515 1.795131
13765 -2.324061 -3.769798 1.797624
13748 -1.925813 -3.472667 1.897157
13718 3.336717 -3.612985 2.770804
13736 -1.797453 -2.181640 2.136036
13711 -2.232059 -3.568492 1.750556
13723 -2.345840 -3.790842 1.706777
13741 0.857531 1.356329 3.305802
13742 -0.473393 1.518060 3.094775
13755 -0.474848 1.510270 3.121402
13758 2.895654 -1.937521 3.118514
13760 -2.351917 -3.692109 1.798595
13762 -0.487972 1.512975 3.133973
13764 3.104101 -4.236421 2.695527
13766 -1.520844 -2.167157 2.250099
13763 -2.156872 -3.530410 1.866779
13757 0.301199 1.290488 3.228472
13768 -0.830272 1.554994 3.088225
13769 0.514363 1.395883 3.302834
13770 -2.330154 -3.805609 1.792418
13756 0.557918 1.476420 3.307670
13802 0.475549 1.434816 3.458636
13779 -0.852675 1.573500 3.102969
13801 -0.856592 1.586923 3.186641
13818 -0.619642 1.528779 3.342633
13805 -0.884194 1.592658 3.195729
13821 0.846002 1.164423 3.571599
13782 3.475028 -3.861254 3.035307
13784 0.479813 1.381971 3.320197
13783 0.506936 1.484558 3.344551
13785 -0.540992 1.572615 3.174917
13789 -0.584517 1.485488 3.052296
13777 2.920465 -4.508257 2.625874
13787 0.486959 1.416250 3.418357
13791 0.508890 1.482353 3.366703
13792 2.959190 -2.325260 3.085718
13780 3.460777 -3.202938 3.028431
13797 3.424579 -3.824133 2.982238
13807 0.475132 1.425732 3.435636
13773 3.000809 -4.369391 2.657817
13806 -0.854424 1.509948 3.074986
13808 0.487954 1.427608 3.451003
13809 0.520840 1.424608 3.437114
13775 -2.317694 -3.807980 1.801769
13776 -2.333960 -3.779471 1.805316
13774 2.843102 -1.570786 3.056331
13796 3.448406 -2.516003 3.166973
13772 -1.961385 -3.498749 1.920827
13800 2.099614 1.251529 3.811741
13781 2.134869 1.195637 3.578432
13810 1.499951 1.170352 3.593106
13795 2.931447 -4.564629 2.672863
13811 0.493792 1.430173 3.472749
13814 3.009411 -1.566599 3.366251
13778 2.037263 1.202481 3.635803
13788 0.500682 1.483171 3.355409
13794 3.415670 -3.746549 2.912776
13813 -0.631606 0.034258 3.004426
13793 -2.202677 -3.586384 1.920619
13804 -2.309155 -3.635334 1.935252
13812 -0.521783 1.421469 3.096549
13790 -1.983516 -3.527614 1.952904
13816 1.515031 1.192573 3.629764
13817 0.054568 -4.321169 2.316892
13819 0.049049 -4.358346 2.344225
13820 -2.081324 -3.675614 2.113825
13823 -0.637068 1.560113 3.472359
13824 0.052421 -4.490797 2.468797
13825 0.969863 1.211480 3.735145
13826 0.033405 -4.551654 2.523883
13827 0.177506 1.059520 3.747659
13829 -1.311792 -4.271687 2.501731
13830 0.211564 0.947081 3.439788
13832 -1.369923 -4.356691 2.591712
13822 -2.096771 -3.679133 2.115971
13833 -1.384287 -4.345006 2.594970
13831 -1.331614 -4.330882 2.571141
13828 -1.301617 -4.238568 2.480494
14281 -1.258844 0.757837 2.510743
14299 3.405680 -2.352386 3.386187
14272 -1.374424 0.995633 2.483391
14292 3.437032 -2.186346 3.360739
14312 3.283526 -2.904869 3.407285
14282 -1.393397 1.076002 2.417805
14276 3.048290 -1.690665 3.248582
14300 -1.541449 -2.243237 2.441723
14293 3.439959 -2.515379 3.359122
14294 3.091695 -1.725377 3.326223
14301 2.754783 -1.749866 3.288908
14271 -2.297768 -2.667426 2.178766
14289 -1.888070 -2.479320 2.308230
14295 3.086897 -1.717907 3.326538
14302 3.246970 -2.728352 3.351953
14280 -1.282264 0.825685 2.507453
14304 3.248340 -2.778519 3.364796
14305 3.302000 -2.598898 3.381606
14306 3.042294 -2.492528 3.337451
14297 3.087058 -1.729635 3.335750
14290 3.423912 -2.492375 3.337168
14296 3.113293 -1.746698 3.336095
14309 3.283930 -2.899294 3.404309
14315 2.795468 -1.755998 3.362205
14275 -1.130013 0.278008 2.509890
14284 -1.336322 0.912049 2.511793
14317 2.885993 -1.730020 3.386101
14314 3.308032 -2.903514 3.421415
14321 -1.186719 1.680736 2.734516
14322 -1.144578 1.692132 2.744702
14285 -1.274164 0.784037 2.520554
14286 -1.292321 0.809292 2.523218
14307 3.274765 -2.877101 3.385024
14283 -1.870389 -2.455122 2.291396
14270 -1.319936 0.917566 2.490484
14277 -1.156645 0.282141 2.506360
14287 3.425507 -2.493230 3.321050
14273 -1.146637 0.382925 2.509164
14278 -2.037462 -2.658805 2.235280
14291 3.068330 -1.704158 3.297640
14298 3.284876 -2.782505 3.346355
14279 3.414010 -2.486240 3.295401
14274 -1.372831 0.984593 2.487095
14288 3.423276 -2.487651 3.324570
14303 2.747300 -1.740299 3.302234
14308 3.307089 -2.615053 3.403203
14310 2.830982 -2.445087 3.334172
14313 -1.524876 -1.812164 2.526169
14320 2.771772 -2.390018 3.350894
14324 2.717300 -1.994907 3.240621
14325 2.797823 -1.760856 3.391252
14326 2.793334 -2.096035 3.379321
14327 2.771851 -2.402735 3.364688
14319 2.764970 -2.392351 3.347286
14329 -1.662211 1.835642 2.665411
14330 3.332397 -2.685467 3.473836
14331 -1.025103 1.571826 2.781597
14332 -1.155451 1.704906 2.766258
14333 -1.554893 -1.845497 2.568052
14343 -1.230755 1.705809 2.799965
14354 -1.734167 -1.826615 2.697068
14379 1.692675 1.092990 3.839207
14347 -1.093778 1.633523 2.874365
14357 0.304634 1.218849 3.236718
14336 2.813134 -1.770397 3.418644
14348 -1.873317 -1.747002 2.608856
14344 3.015139 -2.499358 3.311514
14358 -1.315182 1.769100 2.945009
14365 -0.471192 1.438314 3.149257
14372 -0.916033 1.500325 3.140338
14374 1.675869 1.061846 3.637753
14378 0.535033 1.351321 3.332202
14361 0.299491 1.227607 3.267466
14349 -1.116151 1.634993 2.872672
14350 2.268386 0.997947 3.503691
14397 -0.130729 -0.616138 2.170733
14392 -0.097588 -0.191915 2.437723
14367 0.445167 1.284141 3.336143
14375 -0.901971 1.506894 3.164083
14342 -1.558487 -1.843554 2.605234
14359 0.459636 1.276476 3.297524
14360 0.880840 1.261419 3.379329
14338 2.823685 -1.777576 3.428268
14362 -0.479562 1.431411 3.137081
14345 3.101854 -2.592695 3.497421
14368 0.435656 1.290089 3.361089
14339 2.734407 -2.029730 3.278991
14334 2.807153 -2.102832 3.404066
14370 -0.858331 1.482257 3.127539
14337 -1.048766 1.601967 2.792120
14355 0.867916 1.221959 3.333532
14352 0.864381 1.261548 3.280272
14371 0.447685 1.283020 3.372581
14377 -1.562746 1.615392 3.070517
14340 -1.035937 1.607357 2.804741
14364 -0.504346 1.432135 3.135715
14341 -1.609799 -1.857764 2.582271
14351 2.812239 -2.477388 3.497675
14366 1.497772 1.002933 3.518218
14356 0.271959 1.176500 3.220243
14373 -0.863864 1.487079 3.150708
14381 1.313021 1.127318 4.030073
14382 1.498703 1.173315 4.204937
14383 0.269392 0.996674 3.999308
14385 0.083267 0.958285 4.076369
14386 0.110285 1.000195 3.896475
14387 0.066755 0.954504 4.143854
14388 0.048172 0.973937 4.256848
14384 0.242675 1.021381 4.021542
14389 4.169556 0.366845 6.891097
14390 0.915118 0.429870 7.630577
14391 1.238036 0.552831 1.239341
14393 1.377545 1.402603 2.168794
14394 -1.491842 1.524700 2.295117
14395 1.225596 0.555194 1.255926
14396 -0.120529 -0.552355 2.219295
14404 3.363112 1.747303 2.891798
14405 3.760920 1.884756 3.617344
14409 -1.117618 -3.003367 3.632366
14411 -0.067242 0.203995 2.040532
14410 1.291811 0.508947 1.050922
14399 -1.692227 0.376869 1.667887
14400 1.608255 1.372410 2.068472
14413 -0.072333 -0.349232 2.050367
14416 -0.126123 -0.371244 2.352290
14398 -0.081865 -0.192433 2.316615
14412 0.215582 1.054909 3.082446
14408 -1.381025 -3.460067 4.212098
14417 -0.083086 0.172853 2.137435
14401 0.484330 1.764272 2.404320
14402 1.195694 0.529327 1.143029
